Individuals	Locus1	Locus1	Locus2	Locus2	Locus3	Locus3	Locus4	Locus4	Locus5	Locus5	Locus6	Locus6	Locus7	Locus7	Locus8	Locus8	Locus9	Locus9	Locus10	Locus10
Indiv_Male_1_0	8	4	7	9	4	6	10	6	8	2	9	6	10	2	4	1	9	4	5	8
Indiv_Male_2_0	6	2	7	1	6	4	9	5	3	3	4	3	10	7	5	10	7	4	7	5
Indiv_Male_3_0	8	10	3	1	5	4	10	10	8	6	6	10	6	1	10	10	5	2	5	10
Indiv_Male_4_0	8	8	7	6	2	2	8	2	3	3	8	2	5	9	1	8	4	6	2	8
Indiv_Male_5_0	4	8	10	1	7	5	4	5	8	8	9	4	4	3	7	10	4	1	3	3
Indiv_Male_6_0	2	8	7	1	9	8	7	6	8	6	10	6	5	5	6	7	2	9	8	5
Indiv_Male_7_0	10	5	9	9	6	5	4	10	1	3	6	8	5	7	10	4	3	8	4	4
Indiv_Male_8_0	5	4	3	7	9	5	10	10	7	3	4	7	6	7	6	2	9	8	9	3
Indiv_Male_9_0	5	4	5	7	6	4	8	8	3	4	8	2	3	1	1	4	5	1	6	5
Indiv_Male_10_0	1	10	6	6	2	9	5	4	10	3	8	6	1	7	6	6	8	6	5	5
Indiv_Male_11_0	10	1	1	1	2	10	9	2	4	8	2	10	4	1	3	7	5	4	10	5
Indiv_Male_12_0	10	4	5	2	2	5	10	4	10	3	2	3	7	5	9	4	2	4	1	5
Indiv_Male_13_0	10	1	5	7	2	7	9	4	9	3	4	7	5	4	4	7	9	4	4	5
Indiv_Male_14_0	1	10	2	4	2	4	8	6	8	8	1	6	1	1	4	9	4	2	3	5
Indiv_Male_15_0	8	8	2	4	6	6	8	2	9	8	6	2	10	5	4	4	4	6	8	5
Indiv_Male_16_0	2	10	6	4	2	10	9	2	3	10	6	8	5	5	1	10	1	5	5	10
Indiv_Male_17_0	1	10	4	8	6	10	4	4	4	10	9	4	5	9	4	4	9	2	4	4
Indiv_Male_18_0	8	10	6	2	2	6	8	4	2	4	10	10	5	7	10	5	2	6	3	5
Indiv_Male_19_0	5	10	9	6	9	2	1	10	6	9	2	10	5	8	6	10	2	4	7	6
Indiv_Male_20_0	5	8	2	1	6	9	3	10	6	6	2	10	3	8	6	9	4	5	5	1
Indiv_Male_21_0	1	2	9	2	6	2	8	6	3	10	6	4	7	1	4	4	5	9	5	10
Indiv_Male_22_0	9	8	6	4	6	8	10	10	1	8	6	2	8	5	6	6	4	2	7	10
Indiv_Male_23_0	4	8	2	4	8	4	2	9	8	8	3	2	9	5	6	6	6	1	7	3
Indiv_Male_24_0	9	8	2	5	2	9	9	3	9	9	6	3	5	5	8	6	4	9	8	7
Indiv_Male_25_0	5	7	6	6	4	4	5	10	10	5	6	2	7	5	4	4	4	2	4	7
Indiv_Male_26_0	4	8	4	5	5	4	2	6	3	8	2	10	1	5	4	7	4	9	10	10
Indiv_Male_27_0	8	10	2	10	2	9	3	10	5	8	2	8	9	3	9	10	4	1	2	9
Indiv_Male_28_0	9	5	4	3	7	2	4	3	4	7	6	2	3	3	4	5	4	4	3	8
Indiv_Male_29_0	9	5	4	9	3	2	8	1	9	4	7	7	5	4	9	10	10	4	10	5
Indiv_Male_30_0	1	6	7	7	5	2	4	10	8	8	4	10	1	5	1	8	5	6	9	3
Indiv_Male_31_0	8	9	8	4	10	2	2	10	1	3	10	1	10	6	6	6	5	8	10	5
Indiv_Male_32_0	1	10	7	9	3	1	6	10	4	9	4	4	9	1	7	6	8	8	10	10
Indiv_Male_33_0	8	1	9	6	6	2	4	10	10	8	1	7	1	1	10	10	6	4	5	5
Indiv_Male_34_0	8	8	7	7	2	4	9	9	9	8	6	10	10	5	4	8	7	8	2	4
Indiv_Male_35_0	3	10	1	2	8	2	2	10	9	4	2	2	3	1	9	10	2	1	2	4
Indiv_Male_36_0	6	8	9	6	6	6	5	3	6	7	4	2	3	7	6	10	1	4	10	8
Indiv_Male_37_0	2	6	4	4	8	9	10	3	3	1	2	10	3	5	4	6	4	4	3	3
Indiv_Male_38_0	9	8	6	6	3	4	1	1	8	6	6	10	2	7	6	6	2	4	5	7
Indiv_Male_39_0	1	10	2	8	2	2	3	10	8	8	10	7	8	7	4	1	9	7	3	4
Indiv_Male_40_0	8	10	1	2	9	6	10	1	10	1	10	10	10	2	10	6	10	5	2	5
Indiv_Male_41_0	1	1	1	2	3	10	9	6	3	3	8	10	4	1	1	10	4	1	10	4
Indiv_Male_42_0	8	8	4	9	9	2	7	10	1	8	6	2	7	1	8	4	4	2	3	4
Indiv_Male_43_0	4	2	4	9	5	2	10	10	4	4	8	10	1	5	6	6	1	5	8	5
Indiv_Male_44_0	2	5	6	7	6	4	10	3	9	8	9	10	1	4	6	9	3	4	5	5
Indiv_Male_45_0	2	10	7	1	2	8	3	2	1	5	2	4	3	6	5	3	3	9	5	1
Indiv_Male_46_0	10	5	1	5	2	4	7	10	8	2	2	9	8	1	4	10	8	4	5	5
Indiv_Male_47_0	10	1	3	1	6	2	10	10	8	4	6	6	9	2	1	9	2	4	9	5
Indiv_Male_48_0	8	5	6	3	10	2	8	8	8	4	6	2	8	1	4	1	4	4	2	2
Indiv_Male_49_0	8	10	1	6	3	5	9	6	8	1	2	6	7	5	6	10	5	6	5	4
Indiv_Male_50_0	2	10	9	8	2	6	10	10	3	3	10	9	2	7	1	6	9	1	4	2
Indiv_Fem_1_0	2	4	10	3	6	5	2	3	7	1	10	10	7	9	6	10	8	4	2	8
Indiv_Fem_2_0	10	5	1	5	5	3	10	10	8	9	2	2	7	1	4	4	10	1	4	5
Indiv_Fem_3_0	8	5	6	6	9	2	10	10	1	1	10	1	1	5	4	10	8	3	4	5
Indiv_Fem_4_0	5	2	1	2	1	5	8	7	4	7	9	2	10	1	4	7	3	8	1	3
Indiv_Fem_5_0	8	6	10	9	1	5	8	3	3	3	10	6	7	4	4	4	4	2	3	4
Indiv_Fem_6_0	2	2	2	7	7	1	9	10	1	5	4	2	1	7	2	10	4	4	8	8
Indiv_Fem_7_0	9	5	4	7	5	9	2	2	8	8	2	9	5	7	7	4	4	4	4	8
Indiv_Fem_8_0	10	8	9	9	4	2	8	10	8	1	9	10	7	4	10	10	4	4	3	3
Indiv_Fem_9_0	2	10	5	1	2	2	9	2	5	9	8	2	9	10	4	6	9	6	5	2
Indiv_Fem_10_0	10	5	7	1	6	9	8	6	9	1	10	2	1	1	10	7	8	8	5	10
Indiv_Fem_11_0	3	5	9	2	4	4	4	6	10	2	4	10	3	3	8	7	5	4	9	10
Indiv_Fem_12_0	2	5	9	6	5	3	7	6	2	7	3	10	1	5	4	6	4	1	3	5
Indiv_Fem_13_0	5	1	4	7	1	2	5	10	8	5	8	8	1	1	7	4	4	1	3	8
Indiv_Fem_14_0	6	8	6	2	6	2	10	2	8	8	9	10	5	7	4	1	7	8	5	3
Indiv_Fem_15_0	7	8	7	1	3	5	2	3	8	8	4	7	3	9	9	9	1	1	7	5
Indiv_Fem_16_0	10	4	3	7	10	3	10	10	10	3	6	10	1	5	1	9	10	7	4	8
Indiv_Fem_17_0	5	8	6	4	1	6	4	2	3	3	6	10	8	9	10	6	7	9	3	4
Indiv_Fem_18_0	5	1	2	9	3	5	9	10	6	3	6	2	5	1	1	10	4	2	8	9
Indiv_Fem_19_0	2	9	7	5	8	5	5	10	4	8	10	7	1	9	5	10	4	2	3	3
Indiv_Fem_20_0	9	10	5	10	3	3	9	9	10	4	4	2	3	5	6	4	6	5	4	5
Indiv_Fem_21_0	6	5	7	2	3	5	10	10	8	8	6	8	5	3	3	9	6	5	8	4
Indiv_Fem_22_0	1	8	9	6	4	2	3	9	6	4	4	10	5	5	8	4	5	2	4	10
Indiv_Fem_23_0	10	8	9	4	2	2	5	4	10	9	2	6	6	1	9	10	2	9	5	2
Indiv_Fem_24_0	9	8	6	4	10	1	1	10	9	9	2	6	8	1	4	6	9	2	2	5
Indiv_Fem_25_0	10	4	4	1	2	2	8	9	4	4	6	6	3	10	4	7	4	2	10	5
Indiv_Fem_26_0	8	10	10	7	9	5	7	4	7	2	6	10	1	5	4	6	5	5	4	2
Indiv_Fem_27_0	7	10	8	1	2	5	10	10	3	8	2	2	4	1	4	4	9	6	8	2
Indiv_Fem_28_0	8	10	5	2	4	3	10	4	1	1	6	4	5	3	7	9	9	5	3	8
Indiv_Fem_29_0	5	8	4	9	6	10	3	10	1	3	8	8	4	9	10	2	3	4	5	3
Indiv_Fem_30_0	1	5	4	2	7	1	2	1	3	1	9	10	3	5	4	4	8	4	5	5
Indiv_Fem_31_0	10	4	2	9	2	3	7	10	7	6	6	3	1	1	10	6	5	4	3	5
Indiv_Fem_32_0	10	10	6	1	2	3	10	10	8	3	6	6	1	5	3	7	4	4	5	5
Indiv_Fem_33_0	4	5	2	1	6	2	10	8	8	1	6	2	1	1	3	7	4	5	5	4
Indiv_Fem_34_0	1	4	7	1	6	5	10	10	8	4	10	7	1	10	4	1	9	4	10	4
Indiv_Fem_35_0	7	1	9	6	6	9	3	10	8	6	2	2	1	10	4	7	9	4	5	3
Indiv_Fem_36_0	8	2	9	1	6	7	10	2	3	1	9	1	7	1	10	1	9	6	8	5
Indiv_Fem_37_0	10	10	2	4	8	3	4	4	8	3	8	5	5	7	4	4	8	1	3	9
Indiv_Fem_38_0	10	1	2	9	4	3	9	10	3	8	2	2	4	9	4	10	7	6	4	10
Indiv_Fem_39_0	6	4	8	6	4	9	3	8	6	4	6	6	7	7	4	9	4	1	5	3
Indiv_Fem_40_0	8	5	6	1	5	4	10	4	8	8	2	1	8	10	6	10	6	8	9	4
Indiv_Fem_41_0	10	5	6	9	8	4	10	2	8	9	10	8	1	5	7	10	9	9	1	8
Indiv_Fem_42_0	5	5	4	6	2	8	9	7	3	9	6	2	8	3	7	6	5	8	3	9
Indiv_Fem_43_0	10	10	4	8	2	2	3	6	4	9	4	3	10	4	4	4	1	4	4	5
Indiv_Fem_44_0	8	10	10	6	10	2	3	10	10	1	2	4	5	9	9	10	5	2	7	9
Indiv_Fem_45_0	6	8	7	7	3	4	8	2	2	1	7	10	8	7	10	9	6	10	2	9
Indiv_Fem_46_0	10	2	9	2	8	6	3	1	6	8	8	4	9	4	4	4	8	9	5	9
Indiv_Fem_47_0	5	9	3	3	6	3	4	9	10	2	2	9	7	6	5	10	4	4	9	4
Indiv_Fem_48_0	4	5	7	4	2	2	3	2	8	4	1	9	7	10	1	10	4	5	4	2
Indiv_Fem_49_0	8	8	1	2	5	3	10	10	2	6	10	10	5	8	6	6	2	4	2	5
Indiv_Fem_50_0	2	8	6	7	1	2	7	3	8	4	8	2	5	10	3	9	8	4	5	3
